1 1 1 Sirbas 3000,25 
1 1 2 Atas 2500,33
1 1 3 Tort 4000,25 
1 1 4 Sedlo 3500,33
1 2 5 Voda 1000,25 
1 2 6 Vodka 33500,33
1 2 7 Zap 0,0 
1 2 8 Zip 1500,33
1 3 9 Nhio 346,25 
1 3 10 Jhio 6534,33
1 3 11 Jkl 3456,25 
1 3 12 Vghu 687,33
1 4 13 Fhjui 234,25 
1 4 14 Khhu 64,33
1 4 15 Kui 234,25 
1 4 16 Vghui 456,33
1 5 17 Vhyuio 234,25 
1 5 18 Vwef 567,33
1 5 19 Ztrh 678,25 
1 5 20 Zrht 4350,33
1 6 21 Vwef 112300,25 
1 6 22 Vsge 1236,33
1 6 23 Zqger 34520,25 
1 6 24 Zgr 2345,33
1 7 25 Vofgs 3457,25 
1 7 26 Voej 2340,33
1 7 27 Zqr 0,0  
1 7 28 Ziwhy 153450,33
1 8 29 Vodger 1034500,25 
1 8 30 Vodhry 3355500,33
1 8 31 Zajty 60400,25 
1 8 32 Ziqwd 1500,33
1 9 33 Vodgtgt 102300,25 
1 9 34 Vodktjy 0,0 
1 9 35 Zsdf 62340,25 
1 9 36 Zitjy 123400,33
2 1 37 Sirebas 3020,25 
2 1 38 Ategras 27600,33
2 1 39 Toegrrt 40020,25 
2 1 40 Segdlo 35670,33
2 2 41 Voreda 2350,25 
2 2 42 Vodegrka 2354,33
2 2 43 Zegap 2530,0 
2 2 44 Ziegp 12352,33
3 1 45 Vwef 7800,25 
3 1 46 Vshtge 1656,33
3 1 47 Zqghter 34530,25 
3 1 48 Zghtr 22345,33
3 2 49 Vofthgs 344567,25 
3 2 50 Voethj 239870,33
3 2 51 Zqthr 540,0  
3 2 52 Zhtiwhy 15540,33
4 1 53 Vodhgger 1346,54 
4 1 54 Voddfhry 3334500,36
4 1 55 Zajhgty 69870,25 
4 1 56 Ziqfgwd 1697,36
4 2 57 Vodgtghgt 104570,27 
4 2 58 Vodkfgtjy 435,98 
4 2 59 Zshgdf 346,28 
4 2 60 Zithgjy 23456,88