1 1 Sirbas 3000,25 
1 2 Atas 2500,33
1 3 Tort 4000,25 
1 4 Sedlo 3500,33
2 5 Voda 1000,25 
2 6 Vodka 33500,33
2 7 Zap 0,0 
2 8 Zip 1530,15
3 9 Nhio 346,25 
3 10 Jhio 6534,33
3 11 Jkl 3456,25 
3 12 Vghu 687,33
4 13 Fhjui 234,25 
4 14 Khhu 64,33
4 15 Kui 234,25 
4 16 Vghui 456,33
5 17 Vhyuio 234,50 
5 18 Vwef 567,33
5 19 Ztrh 678,25 
5 20 Zrht 4350,33
6 21 Vwef 112300,25 
6 22 Vsge 1236,33
6 23 Zqger 34520,25 
6 24 Zgr 2345,33
7 25 Vofgs 3457,25 
7 26 Voej 2340,33
7 27 Zqr 0,0 
7 28 Ziwhy 153450,33
8 29 Vodger 1034500,25 
8 30 Vodhry 3355500,33
8 31 Zajty 60400,25 
8 32 Ziqwd 1500,33
9 33 Vodgtgt 102300,25 
9 34 Vodktjy 0,0 
9 35 Zsdf 62340,25 
9 36 Zitjy 123400,33